image: map20.pgm
resolution: 0.050000
origin: [-3.036687, -5.850000, 0.000000]
negate: 0
occupied_thresh: 0.65
free_thresh: 0.196

