initial_pose_x: -0.4352531656756381
initial_pose_a: 0.0115546533333622
initial_pose_y: 0.9088328329762326