image: map2.pgm
resolution: 0.050
origin: [-6.589233, -4.496434, 0.000000]
negate: 0
occupied_thresh: 0.65
free_thresh: 0.196

